0
0.6765880295918836
0.5333333333333333
0.7315606204495092
0.707403055229142
0.738221824835998
0.6638991645950051
0.738221824835998
0.7222786009065693
0.738221824835998
0.531970551784451
0.738221824835998
0.6824826901424683
0.738221824835998
0.681905864197531
0.738221824835998
0.5593806873476636
0.738221824835998
0.5526837353237751
0.738221824835998
0.6829492030730421
0.738221824835998
0.7142049176335639
0.738221824835998
0.6907048064469141
0.738221824835998
0.6712963101541852
0.738221824835998
0.666734321087883
0.738221824835998
0.668894890237707
0.738221824835998
0.6911349520045174
0.738221824835998
0.7011399995825272
0.738221824835998
0.6839155585605889
0.738221824835998
0.5744627686156922
0.738221824835998
0.6763157894736843
0.738221824835998
0.68775527018915
0.738221824835998
0.7176526031202718
0.738221824835998
0.705119513872648
0.738221824835998
0.6745897000565931
0.738221824835998
0.7113024412417444
0.738221824835998
0.6627519733576701
0.738221824835998
0.5734982067846921
0.738221824835998
0.6830887727156649
0.738221824835998
0.7090111642743221
0.738221824835998
0.6736885093155389
0.738221824835998
0.664987646354106
0.738221824835998
0.6661997511754155
0.738221824835998
0.6455451525218967
0.738221824835998
0.7164512266481186
0.738221824835998
0.7188197767145135
0.738221824835998
0.6719547585385817
0.738221824835998
0.6758489841010615
0.738221824835998
0.7277740048655739
0.738221824835998
0.699340630525118
0.738221824835998
0.6860550157904605
0.738221824835998
0.7326275222087121
0.738221824835998
0.7188197767145135
0.738221824835998
0.656244295177507
0.738221824835998
0.6353187918626032
0.738221824835998
0.7074770180360243
0.738221824835998
0.6604533564245607
0.738221824835998
0.69767177841712
0.738221824835998
0.5532596198274288
0.738221824835998
0.552671719338386
0.738221824835998
0.6675381263616558
0.738221824835998
0.7238190840675314
0.738221824835998
