0
0.8886190707463169
0.9178477001592273
0.9114979197447021
0.6008058447394335
0.911721530549929
0.8589065255731922
0.911721530549929
0.8968253968253967
0.911721530549929
0.8518518518518519
0.911721530549929
0.8867589442471787
0.911721530549929
0.8867589442471787
0.911721530549929
0.8858436510798574
0.911721530549929
0.8874603806357605
0.911721530549929
0.8808871440450389
0.911721530549929
0.886997374850869
0.911721530549929
0.886997374850869
0.911721530549929
0.6147847912553794
0.911721530549929
0.8893029343804676
0.911721530549929
0.8534437638397607
0.911721530549929
0.8664123033969912
0.911721530549929
0.5843561777387404
0.911721530549929
0.8968253968253967
0.911721530549929
0.8722700949024386
0.911721530549929
0.5886633676067328
0.911721530549929
0.8955803788246722
0.911721530549929
0.8659611992945326
0.911721530549929
0.8941707858080061
0.911721530549929
0.8598370411059233
0.911721530549929
0.8931824113023438
0.911721530549929
0.8515025376498735
0.911721530549929
0.5687152679882357
0.911721530549929
0.8678785961606569
0.911721530549929
0.5514817814282543
0.911721530549929
0.8659611992945326
0.911721530549929
0.8573088838535095
0.911721530549929
0.8700866393068856
0.911721530549929
0.8697904510861855
0.911721530549929
0.8814058742041307
0.911721530549929
0.8627520970908442
0.911721530549929
0.8851384167071393
0.911721530549929
0.8598672282882808
0.911721530549929
0.8786806746712408
0.911721530549929
0.8621094992463111
0.911721530549929
0.8491917530886516
0.911721530549929
0.8867589442471787
0.911721530549929
0.5767597657078132
0.911721530549929
0.8900076277650648
0.911721530549929
0.8588842228310997
0.911721530549929
0.8659611992945326
0.911721530549929
0.8624338624338624
0.911721530549929
0.8803479820791976
0.911721530549929
0.6101993169466944
0.911721530549929
0.8527401824277422
0.911721530549929
0.8687706454477107
0.911721530549929
0.6070303432266623
0.911721530549929
