0
0.7989010989010988
0.7762805187278128
0.8173286512555166
0.7644583085759556
0.8186676048415638
0.78
0.8186676048415638
0.8008312263631412
0.8186676048415638
0.6967032967032967
0.8186676048415638
0.7705406555981269
0.8186676048415638
0.6758489841010615
0.8186676048415638
0.7980796083649564
0.8186676048415638
0.811320289783648
0.8186676048415638
0.7789049466260398
0.8186676048415638
0.7943157060804119
0.8186676048415638
0.7837469488011124
0.8186676048415638
0.8004526762804351
0.8186676048415638
0.76192056643434
0.8186676048415638
0.7866080466170918
0.8186676048415638
0.7980796083649564
0.8186676048415638
0.8007221650060181
0.8186676048415638
0.7644583085759556
0.8186676048415638
0.7930023220745098
0.8186676048415638
0.7748584945509843
0.8186676048415638
0.7760369075321744
0.8186676048415638
0.7044364489587222
0.8186676048415638
0.7690051681167578
0.8186676048415638
0.8033560995574656
0.8186676048415638
0.7892112070891053
0.8186676048415638
0.8078007615519193
0.8186676048415638
0.7828243532386695
0.8186676048415638
0.7945456416589481
0.8186676048415638
0.7760942760942762
0.8186676048415638
0.7797544706872785
0.8186676048415638
0.7670017650218709
0.8186676048415638
0.8004526762804351
0.8186676048415638
0.7177154827861849
0.8186676048415638
0.807138000232184
0.8186676048415638
0.8058162484391993
0.8186676048415638
0.7195062755703487
0.8186676048415638
0.792104651305082
0.8186676048415638
0.7987044053745799
0.8186676048415638
0.769662192828892
0.8186676048415638
0.8000511600542295
0.8186676048415638
0.7612113683677811
0.8186676048415638
0.7751472016324323
0.8186676048415638
0.711112336184692
0.8186676048415638
0.7733744371049737
0.8186676048415638
0.7978594216321909
0.8186676048415638
0.6667800036473901
0.8186676048415638
0.7899164489951215
0.8186676048415638
0.7980796083649564
0.8186676048415638
0.8062501734617412
0.8186676048415638
0.7233647046178068
0.8186676048415638
0.7914592676556109
0.8186676048415638
